Corners standard intrinsics:
 [[1.88512466e+03 0.00000000e+00 6.24889097e+02]
 [0.00000000e+00 9.62765002e+03 3.80072796e+02]
 [0.00000000e+00 0.00000000e+00 1.00000000e+00]]
Corners standard dist_coefs:
 [[-3.54013212  7.70379482  0.01981709 -0.05482715 -5.47661856]]
root mean sqaure reprojection error:
 115.6815166581602
Extrinsc:
 [array([[-8.03285723e-01, -5.68614752e-02, -5.92873359e-01,
         3.74032547e+01],
       [-5.90061174e-01, -5.93882623e-02,  8.05171314e-01,
         5.55504004e+01],
       [-8.09929473e-02,  9.96614172e-01,  1.41539944e-02,
         2.47574848e+03]]), array([[-9.92106923e-01, -1.24452265e-01, -1.53455586e-02,
         9.88553329e+01],
       [ 1.45654606e-02,  7.17577318e-03, -9.99868169e-01,
        -7.11003985e+00],
       [ 1.24545975e-01, -9.92199648e-01, -5.30642969e-03,
         6.44289937e+02]]), array([[-8.07734571e-01, -7.03509314e-02,  5.85333758e-01,
         1.49979274e+02],
       [-5.82701097e-01, -5.55906450e-02, -8.10783024e-01,
         4.12525811e+01],
       [ 8.95784220e-02, -9.95972101e-01,  3.90892091e-03,
         2.49308831e+03]]), array([[-9.30250943e-01, -4.63350864e-02,  3.63986597e-01,
         4.60610766e+01],
       [-3.62254962e-01, -4.17700410e-02, -9.31142635e-01,
         3.76464097e+01],
       [ 5.83483095e-02, -9.98052265e-01,  2.20715050e-02,
         1.52631723e+03]]), array([[ 3.59059422e-01, -1.35625316e-02,  9.33216154e-01,
         7.57754841e+01],
       [ 9.30037112e-01,  8.89235265e-02, -3.56543935e-01,
        -1.11240480e+02],
       [-7.81492330e-02,  9.95946115e-01,  4.45424877e-02,
         5.68861780e+03]]), array([[-9.81363658e-01, -9.74646784e-02, -1.65607990e-01,
         6.30280965e+01],
       [ 1.64809496e-01,  1.62434987e-02, -9.86191654e-01,
        -1.65676283e+01],
       [ 9.88089056e-02, -9.95106419e-01,  1.22325218e-04,
         1.56436534e+03]]), array([[ 7.13127770e-01, -3.15112033e-02, -7.00325515e-01,
         1.61809587e+02],
       [ 7.00703104e-01,  6.27337415e-02,  7.10689551e-01,
        -2.75227865e+01],
       [ 2.15393569e-02, -9.97532717e-01,  6.68171711e-02,
         4.24762647e+03]]), array([[ 4.15084686e-01, -9.53214836e-02,  9.04775396e-01,
        -4.24792912e+02],
       [ 9.08958305e-01,  8.57797158e-02, -4.07966469e-01,
        -1.09431168e+02],
       [-3.87234073e-02,  9.91743745e-01,  1.22249101e-01,
         4.82232111e+03]]), array([[-7.32845396e-01,  2.22824917e-02, -6.80030231e-01,
         1.94282043e+02],
       [-6.79378387e-01, -7.85852671e-02,  7.29567929e-01,
         3.75456825e+01],
       [-3.71837661e-02,  9.96658340e-01,  7.27290945e-02,
         2.55095418e+03]]), array([[ 5.83901623e-01,  7.33121140e-02,  8.08507408e-01,
         3.21734981e+02],
       [ 8.04699590e-01,  7.93885748e-02, -5.88350256e-01,
        -8.26742860e+01],
       [-1.07319452e-01,  9.94144249e-01, -1.26391104e-02,
         4.66521683e+03]]), array([[-9.92429224e-01,  6.71348249e-03, -1.22634275e-01,
        -6.53957025e+01],
       [ 1.22745374e-01,  1.99068369e-02, -9.92238525e-01,
        -2.29155240e+01],
       [-4.22011546e-03, -9.99779299e-01, -2.05801756e-02,
         1.29212780e+03]]), array([[-9.84321815e-01, -1.73145234e-01, -3.36346816e-02,
         1.49770665e+02],
       [ 3.47389610e-02, -3.35051508e-03, -9.99390804e-01,
        -1.64175336e+00],
       [ 1.72927061e-01, -9.84890604e-01,  9.31287060e-03,
         7.02757097e+02]]), array([[ 8.21798598e-01,  2.15560784e-01, -5.27428300e-01,
        -5.49738264e+02],
       [ 5.28584802e-01,  5.71430051e-02,  8.46955007e-01,
        -5.87005424e+01],
       [ 2.12709124e-01, -9.74817021e-01, -6.69821129e-02,
         2.66358727e+03]]), array([[ 8.49953121e-01,  4.66001155e-02,  5.24793408e-01,
        -6.23594658e+01],
       [ 5.23269691e-01,  4.13954904e-02, -8.51161115e-01,
        -8.64547552e+01],
       [-6.13882867e-02,  9.98055531e-01,  1.07997982e-02,
         3.39165049e+03]]), array([[-9.64309352e-01,  3.64244495e-02, -2.62260811e-01,
        -1.90174344e+02],
       [ 2.63536551e-01,  3.62247395e-02, -9.63969011e-01,
        -4.13264003e+01],
       [-2.56117111e-02, -9.98679642e-01, -4.45310288e-02,
         1.77354733e+03]]), array([[ 6.76305567e-01, -2.43316968e-02, -7.36219226e-01,
         1.00790472e+02],
       [ 7.35325325e-01,  8.15577935e-02,  6.72788966e-01,
        -9.17599274e+01],
       [ 4.36743184e-02, -9.96371565e-01,  7.30497027e-02,
         3.69026045e+03]]), array([[-3.15215942e-01, -2.50925416e-03,  9.49016656e-01,
         4.85957900e+02],
       [ 9.44718394e-01,  9.42739640e-02,  3.14037539e-01,
        -9.33062010e+01],
       [-9.02555620e-02,  9.95543130e-01, -2.73461178e-02,
         4.46760351e+03]]), array([[ 8.37357707e-01,  2.94715930e-02,  5.45860326e-01,
        -1.09230589e+02],
       [ 5.44437439e-01,  4.48971314e-02, -8.37599022e-01,
        -8.30502005e+01],
       [-4.91929403e-02,  9.98556795e-01,  2.15495203e-02,
         3.05890028e+03]]), array([[ 8.96391075e-01,  5.10997391e-02,  4.40308821e-01,
        -6.44224728e+01],
       [ 4.39416542e-01,  2.81551148e-02, -8.97842075e-01,
        -8.73435455e+01],
       [-5.82764412e-02,  9.98296602e-01,  2.78392295e-03,
         2.66648557e+03]]), array([[ 4.72683148e-01, -2.52912541e-03,  8.81228827e-01,
        -1.25603500e+01],
       [ 8.77227736e-01,  9.65774293e-02, -4.70259822e-01,
        -4.41732476e+01],
       [-8.39174687e-02,  9.95322261e-01,  4.78691423e-02,
         4.55385174e+03]]), array([[ 9.79194463e-01, -1.08835125e-01,  1.71269140e-01,
         3.29883577e+02],
       [ 1.79157879e-01,  6.73251456e-02, -9.81514024e-01,
        -3.42125411e+01],
       [ 9.52924818e-02,  9.91777314e-01,  8.54230800e-02,
         5.30579943e+02]]), array([[ 7.33019297e-01,  1.18645798e-01,  6.69780475e-01,
         3.03550586e+02],
       [ 6.66951139e-01,  6.80877867e-02, -7.41983983e-01,
        -5.78855079e+01],
       [-1.33637152e-01,  9.90599429e-01, -2.92212888e-02,
         3.48985401e+03]]), array([[-4.61665926e-01,  3.62499733e-02,  8.86312875e-01,
        -1.33957022e+02],
       [-8.84548463e-01, -9.38558553e-02, -4.56908191e-01,
         8.13143201e+01],
       [ 6.66227432e-02, -9.94925634e-01,  7.53949085e-02,
         4.45405526e+03]]), array([[ 8.68957078e-01,  1.35354552e-01,  4.76017586e-01,
         1.53267215e+02],
       [ 4.72305955e-01,  6.04186669e-02, -8.79361512e-01,
        -1.09094615e+01],
       [-1.47785932e-01,  9.88953351e-01, -1.14275330e-02,
         2.77173035e+03]])]